ATTRIBUTES:								
								
Attribute #1:								
Attribute #2:Test								
Attribute #3:dev1								
Attribute #4:PASSED								
SETUP:MOSFET  12/04/2023  23:26:23								
DATE:12/04/2023								
TIME:23:26:23								
								
CONDITIONS:								
								
ID:	D							
UNIT:	SMU1							
MODE: SWEEP								
START:	0							
STOP:	5							
PNTS:	101							
STEP:	0.05							
								
ID:	G							
UNIT:	SMU3							
MODE: STEP								
START:	0							
STOP:	0.7							
PNTS:	8							
STEP:	0.1							
								
ID:	S							
UNIT:	SMU4							
START:	0							
STOP:	1							
PNTS:	1							
	STEP:	0						
								
DATA:  MOSFET  12/04/2023  23:26:23								
								
VD	ID	ID2	ID3	ID4	ID5	ID6	ID7	ID8
0.00E+00	-1.16E-06	-4.95E-05	-1.27E-04	-1.85E-04	-2.02E-04	-2.42E-04	-3.03E-04	-4.06E-04
5.00E-02	1.08E-05	5.46E-06	-3.88E-05	-6.55E-05	-5.82E-05	-6.15E-05	-7.75E-05	-1.24E-04
1.00E-01	1.71E-05	5.25E-05	3.55E-05	3.67E-05	6.80E-05	9.74E-05	1.23E-04	1.27E-04
1.50E-01	2.11E-05	9.71E-05	9.98E-05	1.24E-04	1.79E-04	2.39E-04	3.01E-04	3.50E-04
2.00E-01	2.40E-05	1.45E-04	1.57E-04	1.98E-04	2.75E-04	3.63E-04	4.58E-04	5.49E-04
2.50E-01	2.65E-05	2.00E-04	2.12E-04	2.61E-04	3.56E-04	4.70E-04	5.95E-04	7.23E-04
3.00E-01	2.86E-05	2.63E-04	2.72E-04	3.19E-04	4.26E-04	5.63E-04	7.16E-04	8.77E-04
3.50E-01	3.07E-05	3.34E-04	3.38E-04	3.76E-04	4.86E-04	6.43E-04	8.22E-04	1.01E-03
4.00E-01	3.27E-05	4.13E-04	4.12E-04	4.38E-04	5.41E-04	7.11E-04	9.13E-04	1.13E-03
4.50E-01	3.46E-05	4.98E-04	4.93E-04	5.08E-04	5.96E-04	7.70E-04	9.91E-04	1.24E-03
5.00E-01	3.65E-05	5.90E-04	5.81E-04	5.86E-04	6.56E-04	8.25E-04	1.06E-03	1.33E-03
5.50E-01	3.86E-05	6.89E-04	6.76E-04	6.72E-04	7.22E-04	8.81E-04	1.12E-03	1.40E-03
6.00E-01	4.06E-05	7.96E-04	7.79E-04	7.67E-04	7.96E-04	9.41E-04	1.17E-03	1.47E-03
6.50E-01	4.26E-05	9.08E-04	8.87E-04	8.69E-04	8.78E-04	1.01E-03	1.23E-03	1.53E-03
7.00E-01	4.49E-05	1.03E-03	1.00E-03	9.78E-04	9.66E-04	1.08E-03	1.29E-03	1.59E-03
7.50E-01	4.74E-05	1.15E-03	1.12E-03	1.10E-03	1.06E-03	1.16E-03	1.36E-03	1.64E-03
8.00E-01	5.02E-05	1.28E-03	1.25E-03	1.22E-03	1.16E-03	1.25E-03	1.43E-03	1.71E-03
8.50E-01	5.30E-05	1.42E-03	1.38E-03	1.35E-03	1.27E-03	1.35E-03	1.51E-03	1.77E-03
9.00E-01	5.59E-05	1.56E-03	1.52E-03	1.49E-03	1.39E-03	1.45E-03	1.60E-03	1.85E-03
9.50E-01	5.90E-05	1.71E-03	1.67E-03	1.63E-03	1.51E-03	1.56E-03	1.70E-03	1.93E-03
1.00E+00	6.21E-05	1.87E-03	1.82E-03	1.78E-03	1.64E-03	1.68E-03	1.80E-03	2.02E-03
1.05E+00	6.58E-05	2.03E-03	1.98E-03	1.94E-03	1.77E-03	1.80E-03	1.91E-03	2.12E-03
1.10E+00	6.99E-05	2.20E-03	2.15E-03	2.10E-03	1.91E-03	1.93E-03	2.03E-03	2.22E-03
1.15E+00	7.42E-05	2.37E-03	2.31E-03	2.27E-03	2.06E-03	2.06E-03	2.15E-03	2.33E-03
1.20E+00	7.90E-05	2.55E-03	2.49E-03	2.45E-03	2.21E-03	2.20E-03	2.28E-03	2.44E-03
1.25E+00	8.43E-05	2.73E-03	2.67E-03	2.63E-03	2.37E-03	2.35E-03	2.41E-03	2.57E-03
1.30E+00	9.18E-05	2.93E-03	2.86E-03	2.82E-03	2.53E-03	2.50E-03	2.55E-03	2.70E-03
1.35E+00	1.04E-04	3.13E-03	3.06E-03	3.01E-03	2.70E-03	2.66E-03	2.70E-03	2.83E-03
1.40E+00	1.10E-04	3.33E-03	3.26E-03	3.22E-03	2.88E-03	2.82E-03	2.85E-03	2.97E-03
1.45E+00	1.23E-04	3.54E-03	3.46E-03	3.42E-03	3.06E-03	3.00E-03	3.01E-03	3.12E-03
1.50E+00	1.34E-04	3.76E-03	3.68E-03	3.64E-03	3.26E-03	3.17E-03	3.18E-03	3.27E-03
1.55E+00	1.45E-04	3.98E-03	3.90E-03	3.86E-03	3.45E-03	3.36E-03	3.35E-03	3.43E-03
1.60E+00	1.50E-04	4.22E-03	4.13E-03	4.09E-03	3.65E-03	3.55E-03	3.53E-03	3.60E-03
1.65E+00	1.58E-04	4.45E-03	4.36E-03	4.32E-03	3.86E-03	3.74E-03	3.71E-03	3.77E-03
1.70E+00	1.68E-04	4.70E-03	4.60E-03	4.56E-03	4.08E-03	3.95E-03	3.90E-03	3.95E-03
1.75E+00	1.86E-04	4.95E-03	4.85E-03	4.81E-03	4.30E-03	4.16E-03	4.10E-03	4.14E-03
1.80E+00	1.91E-04	5.21E-03	5.10E-03	5.06E-03	4.53E-03	4.37E-03	4.30E-03	4.33E-03
1.85E+00	2.08E-04	5.47E-03	5.36E-03	5.32E-03	4.76E-03	4.59E-03	4.51E-03	4.53E-03
1.90E+00	2.16E-04	5.74E-03	5.63E-03	5.59E-03	5.00E-03	4.82E-03	4.73E-03	4.73E-03
1.95E+00	2.16E-04	6.02E-03	5.90E-03	5.86E-03	5.25E-03	5.06E-03	4.95E-03	4.94E-03
2.00E+00	2.29E-04	6.31E-03	6.18E-03	6.14E-03	5.51E-03	5.30E-03	5.18E-03	5.16E-03
2.05E+00	2.51E-04	6.60E-03	6.47E-03	6.43E-03	5.77E-03	5.55E-03	5.42E-03	5.38E-03
2.10E+00	2.81E-04	6.90E-03	6.76E-03	6.72E-03	6.04E-03	5.80E-03	5.66E-03	5.61E-03
2.15E+00	2.90E-04	7.20E-03	7.06E-03	7.01E-03	6.31E-03	6.06E-03	5.91E-03	5.84E-03
2.20E+00	2.82E-04	7.52E-03	7.37E-03	7.32E-03	6.59E-03	6.33E-03	6.16E-03	6.09E-03
2.25E+00	2.89E-04	7.84E-03	7.68E-03	7.63E-03	6.87E-03	6.60E-03	6.42E-03	6.33E-03
2.30E+00	3.11E-04	8.17E-03	8.01E-03	7.95E-03	7.17E-03	6.89E-03	6.69E-03	6.59E-03
2.35E+00	3.12E-04	8.51E-03	8.34E-03	8.28E-03	7.47E-03	7.17E-03	6.97E-03	6.85E-03
2.40E+00	3.31E-04	8.85E-03	8.68E-03	8.61E-03	7.78E-03	7.47E-03	7.25E-03	7.12E-03
2.45E+00	3.53E-04	9.20E-03	9.02E-03	8.95E-03	8.10E-03	7.78E-03	7.54E-03	7.40E-03
2.50E+00	3.72E-04	9.56E-03	9.38E-03	9.29E-03	8.42E-03	8.08E-03	7.83E-03	7.68E-03
2.55E+00	3.96E-04	9.93E-03	9.73E-03	9.65E-03	8.75E-03	8.40E-03	8.14E-03	7.97E-03
2.60E+00	4.35E-04	1.03E-02	1.01E-02	1.00E-02	9.09E-03	8.73E-03	8.45E-03	8.27E-03
2.65E+00	4.88E-04	1.07E-02	1.05E-02	1.04E-02	9.44E-03	9.06E-03	8.76E-03	8.57E-03
2.70E+00	5.10E-04	1.11E-02	1.09E-02	1.08E-02	9.79E-03	9.40E-03	9.09E-03	8.88E-03
2.75E+00	5.47E-04	1.15E-02	1.13E-02	1.12E-02	1.02E-02	9.74E-03	9.42E-03	9.20E-03
2.80E+00	6.63E-04	1.19E-02	1.17E-02	1.15E-02	1.05E-02	1.01E-02	9.76E-03	9.53E-03
2.85E+00	7.39E-04	1.23E-02	1.21E-02	1.19E-02	1.09E-02	1.05E-02	1.01E-02	9.86E-03
2.90E+00	8.31E-04	1.28E-02	1.25E-02	1.24E-02	1.13E-02	1.08E-02	1.05E-02	1.02E-02
2.95E+00	9.39E-04	1.32E-02	1.29E-02	1.28E-02	1.17E-02	1.12E-02	1.08E-02	1.06E-02
3.00E+00	1.12E-03	1.37E-02	1.34E-02	1.32E-02	1.21E-02	1.16E-02	1.12E-02	1.09E-02
3.05E+00	1.21E-03	1.41E-02	1.38E-02	1.36E-02	1.25E-02	1.20E-02	1.16E-02	1.13E-02
3.10E+00	1.28E-03	1.46E-02	1.43E-02	1.41E-02	1.29E-02	1.24E-02	1.20E-02	1.16E-02
3.15E+00	1.42E-03	1.51E-02	1.47E-02	1.45E-02	1.34E-02	1.28E-02	1.24E-02	1.20E-02
3.20E+00	1.49E-03	1.56E-02	1.52E-02	1.50E-02	1.38E-02	1.32E-02	1.28E-02	1.24E-02
3.25E+00	1.57E-03	1.61E-02	1.57E-02	1.55E-02	1.42E-02	1.37E-02	1.32E-02	1.28E-02
3.30E+00	1.71E-03	1.66E-02	1.62E-02	1.59E-02	1.47E-02	1.41E-02	1.36E-02	1.32E-02
3.35E+00	1.83E-03	1.71E-02	1.67E-02	1.64E-02	1.52E-02	1.45E-02	1.40E-02	1.36E-02
3.40E+00	2.00E-03	1.76E-02	1.72E-02	1.69E-02	1.56E-02	1.50E-02	1.45E-02	1.40E-02
3.45E+00	2.10E-03	1.82E-02	1.77E-02	1.74E-02	1.61E-02	1.55E-02	1.49E-02	1.45E-02
3.50E+00	1.98E-04	1.87E-02	1.83E-02	1.79E-02	1.66E-02	1.59E-02	1.54E-02	1.49E-02
3.55E+00	2.16E-04	1.93E-02	1.88E-02	1.85E-02	1.71E-02	1.64E-02	1.58E-02	1.54E-02
3.60E+00	2.17E-04	1.99E-02	1.94E-02	1.90E-02	1.76E-02	1.69E-02	1.63E-02	1.58E-02
3.65E+00	2.32E-04	2.04E-02	1.99E-02	1.95E-02	1.81E-02	1.74E-02	1.68E-02	1.63E-02
3.70E+00	2.44E-04	2.10E-02	2.05E-02	2.01E-02	1.87E-02	1.79E-02	1.73E-02	1.68E-02
3.75E+00	2.67E-04	2.17E-02	2.11E-02	2.06E-02	1.92E-02	1.85E-02	1.78E-02	1.72E-02
3.80E+00	2.77E-04	2.23E-02	2.17E-02	2.12E-02	1.98E-02	1.90E-02	1.83E-02	1.77E-02
3.85E+00	3.02E-04	2.29E-02	2.23E-02	2.18E-02	2.03E-02	1.95E-02	1.88E-02	1.82E-02
3.90E+00	3.33E-04	2.35E-02	2.29E-02	2.24E-02	2.09E-02	2.01E-02	1.94E-02	1.88E-02
3.95E+00	3.48E-04	2.42E-02	2.36E-02	2.30E-02	2.15E-02	2.07E-02	1.99E-02	1.93E-02
4.00E+00	3.58E-04	2.49E-02	2.42E-02	2.36E-02	2.21E-02	2.12E-02	2.05E-02	1.98E-02
4.05E+00	4.11E-04	2.56E-02	2.49E-02	2.42E-02	2.27E-02	2.18E-02	2.10E-02	2.04E-02
4.10E+00	4.20E-04	2.62E-02	2.55E-02	2.48E-02	2.33E-02	2.24E-02	2.16E-02	2.09E-02
4.15E+00	4.61E-04	2.69E-02	2.62E-02	2.55E-02	2.40E-02	2.30E-02	2.22E-02	2.15E-02
4.20E+00	4.81E-04	2.76E-02	2.69E-02	2.61E-02	2.46E-02	2.36E-02	2.28E-02	2.20E-02
4.25E+00	5.29E-04	2.83E-02	2.76E-02	2.68E-02	2.53E-02	2.43E-02	2.34E-02	2.26E-02
4.30E+00	5.68E-04	2.91E-02	2.83E-02	2.75E-02	2.59E-02	2.49E-02	2.40E-02	2.32E-02
4.35E+00	6.32E-04	2.98E-02	2.91E-02	2.82E-02	2.66E-02	2.56E-02	2.46E-02	2.38E-02
4.40E+00	6.88E-04	3.05E-02	2.98E-02	2.89E-02	2.73E-02	2.62E-02	2.53E-02	2.45E-02
4.45E+00	7.59E-04	3.13E-02	3.06E-02	2.97E-02	2.80E-02	2.69E-02	2.59E-02	2.51E-02
4.50E+00	8.50E-04	3.20E-02	3.13E-02	3.04E-02	2.87E-02	2.76E-02	2.66E-02	2.57E-02
4.55E+00	9.45E-04	3.27E-02	3.21E-02	3.12E-02	2.94E-02	2.83E-02	2.73E-02	2.64E-02
4.60E+00	1.02E-03	3.35E-02	3.29E-02	3.20E-02	3.02E-02	2.90E-02	2.80E-02	2.71E-02
4.65E+00	1.19E-03	3.42E-02	3.37E-02	3.28E-02	3.09E-02	2.98E-02	2.87E-02	2.78E-02
4.70E+00	9.17E-03	3.49E-02	3.45E-02	3.36E-02	3.17E-02	3.05E-02	2.94E-02	2.85E-02
4.75E+00	9.61E-03	3.57E-02	3.53E-02	3.43E-02	3.25E-02	3.12E-02	3.01E-02	2.92E-02
4.80E+00	1.01E-02	4.51E-02	3.62E-02	3.52E-02	3.32E-02	3.20E-02	3.09E-02	2.99E-02
4.85E+00	1.05E-02	3.73E-02	3.77E-02	3.60E-02	3.40E-02	3.28E-02	3.16E-02	3.06E-02
4.90E+00	1.10E-02	4.90E-02	3.79E-02	3.68E-02	3.48E-02	3.36E-02	3.24E-02	3.13E-02
4.95E+00	1.16E-02	4.06E-02	3.92E-02	3.77E-02	3.57E-02	3.44E-02	3.32E-02	3.21E-02
5.00E+00	8.84E-02	4.12E-02	4.01E-02	3.79E-02	3.65E-02	3.52E-02	3.40E-02	3.29E-02
								
TEST RESULTS:  MOSFET  12/04/2023  23:26:23								
