ATTRIBUTES:

Attribute #1:
Attribute #2:Test
Attribute #3:dev1
Attribute #4:PASSED
SETUP:IV  12/06/2023  01:17:52
DATE:12/06/2023
TIME:01:17:52

CONDITIONS:

ID:	D	
UNIT:	SMU1	
MODE: STEP	
START:	0	
STOP:	5	
PNTS:	6	
STEP:	1

ID:	G	
UNIT:	SMU3	
MODE: SWEEP	
START:	-0.1	
STOP:	0.7	
PNTS:	81	
STEP:	0.01

ID:	S	
UNIT:	SMU4	
START:	0	
STOP:	1	
PNTS:	1	
	STEP:	0

DATA:  IV  12/06/2023  01:17:52

ID	ID2	ID3	ID4	ID5	ID6	VG
2.61350000E-005	1.28150000E-003	4.02550000E-003	9.32840000E-003	1.93150000E-002	3.31950000E-002	-1.00000000E-001
2.31440000E-005	1.25750000E-003	3.98660000E-003	9.25490000E-003	1.91800000E-002	3.29210000E-002	-9.00000000E-002
2.01750000E-005	1.23800000E-003	3.94510000E-003	9.17050000E-003	1.90400000E-002	3.24400000E-002	-8.00000000E-002
1.74650000E-005	1.21850000E-003	3.90740000E-003	9.09850000E-003	1.89500000E-002	3.20360000E-002	-7.00000000E-002
1.48850000E-005	1.19500000E-003	3.86700000E-003	9.01560000E-003	1.88350000E-002	3.19310000E-002	-6.00000000E-002
1.22550000E-005	1.17450000E-003	3.82650000E-003	8.93970000E-003	1.85100000E-002	3.18600000E-002	-5.00000000E-002
9.69000000E-006	1.15850000E-003	3.78950000E-003	8.86200000E-003	1.83350000E-002	3.17650000E-002	-4.00000000E-002
6.88600000E-006	1.14250000E-003	3.75500000E-003	8.79150000E-003	1.81950000E-002	3.15900000E-002	-3.00000000E-002
4.50600000E-006	1.12500000E-003	3.72300000E-003	8.71660000E-003	1.80550000E-002	3.15460000E-002	-2.00000000E-002
2.36350000E-006	1.10700000E-003	3.68750000E-003	8.64740000E-003	1.79150000E-002	3.15550000E-002	-1.00000000E-002
7.64490000E-008	1.08850000E-003	3.64650000E-003	8.57450000E-003	1.77850000E-002	3.11700000E-002	-1.38777878E-017
-4.62500000E-006	1.06950000E-003	3.60700000E-003	8.50770000E-003	1.76600000E-002	3.10110000E-002	1.00000000E-002
-9.77560000E-006	1.05400000E-003	3.57450000E-003	8.43570000E-003	1.75300000E-002	3.08900000E-002	2.00000000E-002
-1.46650000E-005	1.03950000E-003	3.53800000E-003	8.36800000E-003	1.73950000E-002	3.06850000E-002	3.00000000E-002
-1.90900000E-005	1.02600000E-003	3.50650000E-003	8.29650000E-003	1.72700000E-002	3.04760000E-002	4.00000000E-002
-2.39800000E-005	1.01080000E-003	3.46950000E-003	8.23070000E-003	1.71350000E-002	3.03350000E-002	5.00000000E-002
-2.87290000E-005	9.94320000E-004	3.43500000E-003	8.16440000E-003	1.70050000E-002	3.01950000E-002	6.00000000E-002
-3.35240000E-005	9.79540000E-004	3.40200000E-003	8.09330000E-003	1.68800000E-002	3.00100000E-002	7.00000000E-002
-3.85250000E-005	9.67560000E-004	3.36800000E-003	8.03140000E-003	1.67500000E-002	2.98500000E-002	8.00000000E-002
-4.29000000E-005	9.53940000E-004	3.33800000E-003	7.96410000E-003	1.66250000E-002	2.96950000E-002	9.00000000E-002
-4.77600000E-005	9.42800000E-004	3.30850000E-003	7.90500000E-003	1.65050000E-002	2.95350000E-002	1.00000000E-001
-5.23740000E-005	9.30010000E-004	3.27710000E-003	7.84250000E-003	1.63800000E-002	2.93750000E-002	1.10000000E-001
-5.72240000E-005	9.16600000E-004	3.24610000E-003	7.77860000E-003	1.62500000E-002	2.92100000E-002	1.20000000E-001
-6.21340000E-005	9.08310000E-004	3.21600000E-003	7.71810000E-003	1.61250000E-002	2.90560000E-002	1.30000000E-001
-6.68730000E-005	8.94900000E-004	3.19000000E-003	7.66020000E-003	1.60000000E-002	2.88910000E-002	1.40000000E-001
-7.19800000E-005	8.83700000E-004	3.15950000E-003	7.59960000E-003	1.58810000E-002	2.87350000E-002	1.50000000E-001
-7.69380000E-005	8.73420000E-004	3.12600000E-003	7.53900000E-003	1.57600000E-002	2.85700000E-002	1.60000000E-001
-8.18410000E-005	8.62810000E-004	3.10250000E-003	7.48160000E-003	1.56450000E-002	2.84160000E-002	1.70000000E-001
-8.66580000E-005	8.53270000E-004	3.07450000E-003	7.42460000E-003	1.55300000E-002	2.82500000E-002	1.80000000E-001
-9.18810000E-005	8.46650000E-004	3.04750000E-003	7.36860000E-003	1.54150000E-002	2.80800000E-002	1.90000000E-001
-9.76290000E-005	8.36850000E-004	3.02100000E-003	7.31160000E-003	1.53000000E-002	2.79200000E-002	2.00000000E-001
-1.02760000E-004	8.26860000E-004	2.99500000E-003	7.25460000E-003	1.51850000E-002	2.77610000E-002	2.10000000E-001
-1.07050000E-004	8.22100000E-004	2.96900000E-003	7.20210000E-003	1.50700000E-002	2.76000000E-002	2.20000000E-001
-1.12300000E-004	8.12710000E-004	2.94300000E-003	7.14750000E-003	1.49600000E-002	2.74400000E-002	2.30000000E-001
-1.16900000E-004	8.05910000E-004	2.91850000E-003	7.09460000E-003	1.48500000E-002	2.72800000E-002	2.40000000E-001
-1.22750000E-004	8.02610000E-004	2.89400000E-003	7.04100000E-003	1.47400000E-002	2.71210000E-002	2.50000000E-001
-1.28200000E-004	7.94800000E-004	2.87060000E-003	6.99070000E-003	1.46300000E-002	2.69600000E-002	2.60000000E-001
-1.33450000E-004	7.88750000E-004	2.84760000E-003	6.93890000E-003	1.45200000E-002	2.68110000E-002	2.70000000E-001
-1.40650000E-004	7.85050000E-004	2.82750000E-003	6.88910000E-003	1.44150000E-002	2.66500000E-002	2.80000000E-001
-1.46000000E-004	7.80850000E-004	2.80360000E-003	6.84000000E-003	1.43050000E-002	2.64950000E-002	2.90000000E-001
-1.51550000E-004	7.76950000E-004	2.78310000E-003	6.79020000E-003	1.42000000E-002	2.63350000E-002	3.00000000E-001
-1.59450000E-004	7.74710000E-004	2.76210000E-003	6.74200000E-003	1.40950000E-002	2.61850000E-002	3.10000000E-001
-1.65850000E-004	7.71490000E-004	2.74250000E-003	6.69450000E-003	1.39900000E-002	2.60250000E-002	3.20000000E-001
-1.74350000E-004	7.68600000E-004	2.72300000E-003	6.64810000E-003	1.38950000E-002	2.58750000E-002	3.30000000E-001
-1.81350000E-004	7.64960000E-004	2.70250000E-003	6.59900000E-003	1.37850000E-002	2.57210000E-002	3.40000000E-001
-1.89550000E-004	7.63510000E-004	2.68450000E-003	6.55410000E-003	1.36900000E-002	2.55650000E-002	3.50000000E-001
-1.97500000E-004	7.62340000E-004	2.66600000E-003	6.50860000E-003	1.35850000E-002	2.54150000E-002	3.60000000E-001
-2.05300000E-004	7.61420000E-004	2.64800000E-003	6.46500000E-003	1.34900000E-002	2.52550000E-002	3.70000000E-001
-2.16000000E-004	7.61810000E-004	2.63110000E-003	6.42160000E-003	1.33950000E-002	2.51100000E-002	3.80000000E-001
-2.23800000E-004	7.60020000E-004	2.61350000E-003	6.37600000E-003	1.32950000E-002	2.49600000E-002	3.90000000E-001
-2.36500000E-004	7.61870000E-004	2.59760000E-003	6.33550000E-003	1.32050000E-002	2.48050000E-002	4.00000000E-001
-2.47110000E-004	7.61270000E-004	2.57960000E-003	6.29400000E-003	1.31050000E-002	2.46550000E-002	4.10000000E-001
-2.59250000E-004	7.63120000E-004	2.56550000E-003	6.25510000E-003	1.30150000E-002	2.45150000E-002	4.20000000E-001
-2.70710000E-004	7.65050000E-004	2.55000000E-003	6.21460000E-003	1.29250000E-002	2.43610000E-002	4.30000000E-001
-2.82850000E-004	7.67470000E-004	2.53650000E-003	6.17410000E-003	1.28300000E-002	2.42150000E-002	4.40000000E-001
-2.96950000E-004	7.70450000E-004	2.52350000E-003	6.13450000E-003	1.27400000E-002	2.40600000E-002	4.50000000E-001
-3.11400000E-004	7.73160000E-004	2.50950000E-003	6.09560000E-003	1.26550000E-002	2.39150000E-002	4.60000000E-001
-3.26650000E-004	7.77390000E-004	2.49510000E-003	6.05850000E-003	1.25650000E-002	2.37750000E-002	4.70000000E-001
-3.42950000E-004	7.80400000E-004	2.48460000E-003	6.01910000E-003	1.24800000E-002	2.36300000E-002	4.80000000E-001
-3.56700000E-004	7.84810000E-004	2.47100000E-003	5.98450000E-003	1.24000000E-002	2.34950000E-002	4.90000000E-001
-3.75450000E-004	7.90270000E-004	2.46000000E-003	5.94660000E-003	1.23150000E-002	2.33450000E-002	5.00000000E-001
-3.95950000E-004	7.93990000E-004	2.44950000E-003	5.91210000E-003	1.22300000E-002	2.32110000E-002	5.10000000E-001
-4.16650000E-004	8.00310000E-004	2.43850000E-003	5.87750000E-003	1.21500000E-002	2.30660000E-002	5.20000000E-001
-4.38660000E-004	8.05650000E-004	2.42900000E-003	5.84240000E-003	1.20700000E-002	2.29250000E-002	5.30000000E-001
-4.61800000E-004	8.13250000E-004	2.41950000E-003	5.80860000E-003	1.19900000E-002	2.27850000E-002	5.40000000E-001
-4.86260000E-004	8.20160000E-004	2.41050000E-003	5.77710000E-003	1.19100000E-002	2.26550000E-002	5.50000000E-001
-5.12960000E-004	8.26720000E-004	2.40550000E-003	5.74450000E-003	1.18250000E-002	2.25150000E-002	5.60000000E-001
-5.40940000E-004	8.36460000E-004	2.39750000E-003	5.71150000E-003	1.17550000E-002	2.23750000E-002	5.70000000E-001
-5.71310000E-004	8.43760000E-004	2.38850000E-003	5.68100000E-003	1.16750000E-002	2.22410000E-002	5.80000000E-001
-6.03170000E-004	8.52790000E-004	2.38410000E-003	5.65100000E-003	1.16000000E-002	2.21100000E-002	5.90000000E-001
-6.36610000E-004	8.62870000E-004	2.37850000E-003	5.62100000E-003	1.15200000E-002	2.19760000E-002	6.00000000E-001
-6.72010000E-004	8.71750000E-004	2.37410000E-003	5.59260000E-003	1.14500000E-002	2.18400000E-002	6.10000000E-001
-7.08250000E-004	8.80960000E-004	2.36800000E-003	5.56350000E-003	1.13750000E-002	2.17100000E-002	6.20000000E-001
-7.47800000E-004	8.91420000E-004	2.36250000E-003	5.53510000E-003	1.13100000E-002	2.15750000E-002	6.30000000E-001
-7.88660000E-004	9.01910000E-004	2.35800000E-003	5.50600000E-003	1.12400000E-002	2.14450000E-002	6.40000000E-001
-8.33000000E-004	9.14210000E-004	2.35610000E-003	5.48200000E-003	1.11700000E-002	2.13200000E-002	6.50000000E-001
-8.77500000E-004	9.25450000E-004	2.35200000E-003	5.45550000E-003	1.11000000E-002	2.11950000E-002	6.60000000E-001
-9.23510000E-004	9.36510000E-004	2.35000000E-003	5.43210000E-003	1.10400000E-002	2.10700000E-002	6.70000000E-001
-9.72510000E-004	9.49000000E-004	2.34700000E-003	5.40710000E-003	1.09750000E-002	2.09460000E-002	6.80000000E-001
-1.02250000E-003	9.62910000E-004	2.34500000E-003	5.38210000E-003	1.09100000E-002	2.08210000E-002	6.90000000E-001
-1.07400000E-003	9.76050000E-004	2.34350000E-003	5.35750000E-003	1.08400000E-002	2.07000000E-002	7.00000000E-001

TEST RESULTS:  IV  12/06/2023  01:17:52


