ATTRIBUTES:

Attribute #1:
Attribute #2:Test
Attribute #3:dev1
Attribute #4:PASSED
SETUP:MOSFET  12/04/2023  23:37:15
DATE:12/04/2023
TIME:23:37:15

CONDITIONS:

ID:	D	
UNIT:	SMU1	
MODE: SWEEP	
START:	0	
STOP:	5	
PNTS:	101	
STEP:	0.05

ID:	G	
UNIT:	SMU3	
MODE: STEP	
START:	0	
STOP:	0.7	
PNTS:	8	
STEP:	0.1

ID:	S	
UNIT:	SMU4	
START:	0	
STOP:	1	
PNTS:	1	
	STEP:	0

DATA:  MOSFET  12/04/2023  23:37:15

VD	ID	ID2	ID3	ID4	ID5	ID6	ID7	ID8	
0.00000000E+000	-5.27530000E-007	-4.55690000E-007	-3.01090000E-007	-1.91740000E-007	-1.12150000E-007	-8.84480000E-009	3.77350000E-008	9.94980000E-008	
5.00000000E-002	8.58310000E-006	2.33900000E-005	4.43590000E-005	6.71890000E-005	9.04980000E-005	1.14550000E-004	1.38400000E-004	1.62600000E-004	
1.00000000E-001	1.36100000E-005	3.76590000E-005	7.70950000E-005	1.22150000E-004	1.68750000E-004	2.15700000E-004	2.63150000E-004	3.11660000E-004	
1.50000000E-001	1.68150000E-005	4.52550000E-005	9.88510000E-005	1.64600000E-004	2.33900000E-004	3.04400000E-004	3.75810000E-004	4.48050000E-004	
2.00000000E-001	1.91750000E-005	4.92690000E-005	1.11400000E-004	1.94950000E-004	2.86300000E-004	3.79850000E-004	4.74710000E-004	5.70650000E-004	
2.50000000E-001	2.10800000E-005	5.17850000E-005	1.17700000E-004	2.14500000E-004	3.26350000E-004	4.42100000E-004	5.60340000E-004	6.80150000E-004	
3.00000000E-001	2.26800000E-005	5.37240000E-005	1.21050000E-004	2.25700000E-004	3.54900000E-004	4.92360000E-004	6.33420000E-004	7.76650000E-004	
3.50000000E-001	2.40550000E-005	5.52890000E-005	1.23200000E-004	2.31500000E-004	3.73300000E-004	5.30660000E-004	6.94220000E-004	8.60600000E-004	
4.00000000E-001	2.52650000E-005	5.66640000E-005	1.24900000E-004	2.34650000E-004	3.83700000E-004	5.57840000E-004	7.42760000E-004	9.32220000E-004	
4.50000000E-001	2.63150000E-005	5.78650000E-005	1.26350000E-004	2.36700000E-004	3.89400000E-004	5.75660000E-004	7.79600000E-004	9.91280000E-004	
5.00000000E-001	2.72550000E-005	5.89140000E-005	1.27600000E-004	2.38250000E-004	3.92500000E-004	5.85910000E-004	8.06210000E-004	1.03890000E-003	
5.50000000E-001	2.80850000E-005	5.98690000E-005	1.28750000E-004	2.39700000E-004	3.94600000E-004	5.91660000E-004	8.23650000E-004	1.07500000E-003	
6.00000000E-001	2.88540000E-005	6.07590000E-005	1.29700000E-004	2.41000000E-004	3.96250000E-004	5.95000000E-004	8.34260000E-004	1.10100000E-003	
6.50000000E-001	2.95400000E-005	6.15790000E-005	1.30600000E-004	2.42050000E-004	3.97910000E-004	5.97210000E-004	8.40370000E-004	1.11900000E-003	
7.00000000E-001	3.01690000E-005	6.22530000E-005	1.31400000E-004	2.43050000E-004	3.99160000E-004	5.99120000E-004	8.43790000E-004	1.13000000E-003	
7.50000000E-001	3.07500000E-005	6.28980000E-005	1.32250000E-004	2.44050000E-004	4.00350000E-004	6.00750000E-004	8.46410000E-004	1.13600000E-003	
8.00000000E-001	3.12700000E-005	6.34790000E-005	1.32900000E-004	2.44860000E-004	4.01500000E-004	6.02220000E-004	8.48620000E-004	1.14000000E-003	
8.50000000E-001	3.17490000E-005	6.40340000E-005	1.33550000E-004	2.45650000E-004	4.02450000E-004	6.03620000E-004	8.50560000E-004	1.14300000E-003	
9.00000000E-001	3.21900000E-005	6.45410000E-005	1.34200000E-004	2.46410000E-004	4.03550000E-004	6.04870000E-004	8.52260000E-004	1.14600000E-003	
9.50000000E-001	3.25940000E-005	6.50100000E-005	1.34700000E-004	2.47050000E-004	4.04300000E-004	6.05940000E-004	8.53750000E-004	1.14800000E-003	
1.00000000E+000	3.29690000E-005	6.54380000E-005	1.35250000E-004	2.47810000E-004	4.05060000E-004	6.07160000E-004	8.55060000E-004	1.14950000E-003	
1.05000000E+000	3.33150000E-005	6.58260000E-005	1.35700000E-004	2.48360000E-004	4.05950000E-004	6.08060000E-004	8.56520000E-004	1.15150000E-003	
1.10000000E+000	3.36510000E-005	6.62280000E-005	1.36200000E-004	2.48950000E-004	4.06550000E-004	6.09100000E-004	8.57710000E-004	1.15300000E-003	
1.15000000E+000	3.39300000E-005	6.65560000E-005	1.36600000E-004	2.49400000E-004	4.07350000E-004	6.09960000E-004	8.58900000E-004	1.15450000E-003	
1.20000000E+000	3.42040000E-005	6.68730000E-005	1.36950000E-004	2.49910000E-004	4.07950000E-004	6.10770000E-004	8.60150000E-004	1.15600000E-003	
1.25000000E+000	3.44640000E-005	6.72000000E-005	1.37350000E-004	2.50460000E-004	4.08560000E-004	6.11690000E-004	8.61050000E-004	1.15800000E-003	
1.30000000E+000	3.46990000E-005	6.74690000E-005	1.37650000E-004	2.50910000E-004	4.09200000E-004	6.12350000E-004	8.62210000E-004	1.15900000E-003	
1.35000000E+000	3.49340000E-005	6.77330000E-005	1.38000000E-004	2.51250000E-004	4.09750000E-004	6.13150000E-004	8.63160000E-004	1.16000000E-003	
1.40000000E+000	3.51390000E-005	6.79750000E-005	1.38350000E-004	2.51700000E-004	4.10300000E-004	6.13870000E-004	8.64150000E-004	1.16200000E-003	
1.45000000E+000	3.53400000E-005	6.82140000E-005	1.38600000E-004	2.52100000E-004	4.10750000E-004	6.14490000E-004	8.64890000E-004	1.16250000E-003	
1.50000000E+000	3.55350000E-005	6.84710000E-005	1.38950000E-004	2.52540000E-004	4.11300000E-004	6.15300000E-004	8.65760000E-004	1.16400000E-003	
1.55000000E+000	3.56990000E-005	6.86680000E-005	1.39200000E-004	2.52860000E-004	4.11900000E-004	6.15890000E-004	8.66650000E-004	1.16450000E-003	
1.60000000E+000	3.58750000E-005	6.88580000E-005	1.39450000E-004	2.53200000E-004	4.12200000E-004	6.16550000E-004	8.67370000E-004	1.16550000E-003	
1.65000000E+000	3.60250000E-005	6.90630000E-005	1.39750000E-004	2.53500000E-004	4.12750000E-004	6.17060000E-004	8.68200000E-004	1.16700000E-003	
1.70000000E+000	3.61740000E-005	6.92380000E-005	1.39900000E-004	2.53800000E-004	4.13150000E-004	6.17650000E-004	8.68920000E-004	1.16800000E-003	
1.75000000E+000	3.63100000E-005	6.94250000E-005	1.40150000E-004	2.54150000E-004	4.13600000E-004	6.18220000E-004	8.69660000E-004	1.16850000E-003	
1.80000000E+000	3.64500000E-005	6.95700000E-005	1.40400000E-004	2.54410000E-004	4.13910000E-004	6.18700000E-004	8.70410000E-004	1.16950000E-003	
1.85000000E+000	3.65840000E-005	6.97630000E-005	1.40600000E-004	2.54650000E-004	4.14210000E-004	6.19290000E-004	8.71000000E-004	1.17050000E-003	
1.90000000E+000	3.67050000E-005	6.98750000E-005	1.40750000E-004	2.54960000E-004	4.14760000E-004	6.19800000E-004	8.71720000E-004	1.17150000E-003	
1.95000000E+000	3.68300000E-005	7.00130000E-005	1.40950000E-004	2.55150000E-004	4.14910000E-004	6.20160000E-004	8.72310000E-004	1.17200000E-003	
2.00000000E+000	3.69440000E-005	7.02030000E-005	1.41150000E-004	2.55500000E-004	4.15400000E-004	6.20750000E-004	8.73060000E-004	1.17300000E-003	
2.05000000E+000	3.70550000E-005	7.03190000E-005	1.41300000E-004	2.55750000E-004	4.15760000E-004	6.21200000E-004	8.73710000E-004	1.17400000E-003	
2.10000000E+000	3.71650000E-005	7.04380000E-005	1.41450000E-004	2.55960000E-004	4.16010000E-004	6.21770000E-004	8.74220000E-004	1.17450000E-003	
2.15000000E+000	3.72600000E-005	7.05530000E-005	1.41700000E-004	2.56150000E-004	4.16350000E-004	6.22090000E-004	8.74990000E-004	1.17550000E-003	
2.20000000E+000	3.73550000E-005	7.06720000E-005	1.41850000E-004	2.56400000E-004	4.16700000E-004	6.22510000E-004	8.75350000E-004	1.17600000E-003	
2.25000000E+000	3.74500000E-005	7.08140000E-005	1.42050000E-004	2.56700000E-004	4.17010000E-004	6.23170000E-004	8.76010000E-004	1.17650000E-003	
2.30000000E+000	3.75450000E-005	7.09000000E-005	1.42150000E-004	2.56850000E-004	4.17400000E-004	6.23400000E-004	8.76670000E-004	1.17750000E-003	
2.35000000E+000	3.76400000E-005	7.10370000E-005	1.42350000E-004	2.57150000E-004	4.17650000E-004	6.23850000E-004	8.77050000E-004	1.17850000E-003	
2.40000000E+000	3.77200000E-005	7.11490000E-005	1.42400000E-004	2.57300000E-004	4.18010000E-004	6.24150000E-004	8.77800000E-004	1.17900000E-003	
2.45000000E+000	3.78010000E-005	7.12390000E-005	1.42550000E-004	2.57450000E-004	4.18200000E-004	6.24570000E-004	8.78150000E-004	1.17950000E-003	
2.50000000E+000	3.78900000E-005	7.13690000E-005	1.42800000E-004	2.57750000E-004	4.18500000E-004	6.25100000E-004	8.78600000E-004	1.18050000E-003	
2.55000000E+000	3.79640000E-005	7.14440000E-005	1.42850000E-004	2.57850000E-004	4.18860000E-004	6.25340000E-004	8.79320000E-004	1.18100000E-003	
2.60000000E+000	3.80500000E-005	7.15740000E-005	1.43100000E-004	2.58100000E-004	4.19010000E-004	6.25820000E-004	8.79710000E-004	1.18200000E-003	
2.65000000E+000	3.81300000E-005	7.16450000E-005	1.43200000E-004	2.58300000E-004	4.19350000E-004	6.26060000E-004	8.80210000E-004	1.18250000E-003	
2.70000000E+000	3.81950000E-005	7.17490000E-005	1.43300000E-004	2.58450000E-004	4.19560000E-004	6.26440000E-004	8.80720000E-004	1.18300000E-003	
2.75000000E+000	3.82700000E-005	7.18500000E-005	1.43500000E-004	2.58760000E-004	4.19860000E-004	6.26890000E-004	8.81160000E-004	1.18400000E-003	
2.80000000E+000	3.83500000E-005	7.19280000E-005	1.43550000E-004	2.58800000E-004	4.20110000E-004	6.27220000E-004	8.81820000E-004	1.18400000E-003	
2.85000000E+000	3.84150000E-005	7.20250000E-005	1.43750000E-004	2.59100000E-004	4.20300000E-004	6.27550000E-004	8.82150000E-004	1.18450000E-003	
2.90000000E+000	3.84900000E-005	7.20960000E-005	1.43800000E-004	2.59210000E-004	4.20700000E-004	6.27820000E-004	8.82600000E-004	1.18550000E-003	
2.95000000E+000	3.85600000E-005	7.21890000E-005	1.43850000E-004	2.59350000E-004	4.20850000E-004	6.28200000E-004	8.83010000E-004	1.18600000E-003	
3.00000000E+000	3.86290000E-005	7.23190000E-005	1.44100000E-004	2.59610000E-004	4.21150000E-004	6.28590000E-004	8.83550000E-004	1.18650000E-003	
3.05000000E+000	3.86850000E-005	7.23670000E-005	1.44150000E-004	2.59700000E-004	4.21410000E-004	6.28920000E-004	8.83970000E-004	1.18750000E-003	
3.10000000E+000	3.87540000E-005	7.24830000E-005	1.44350000E-004	2.59910000E-004	4.21600000E-004	6.29310000E-004	8.84410000E-004	1.18750000E-003	
3.15000000E+000	3.88290000E-005	7.25350000E-005	1.44400000E-004	2.60050000E-004	4.21900000E-004	6.29540000E-004	8.84950000E-004	1.18800000E-003	
3.20000000E+000	3.88900000E-005	7.26060000E-005	1.44500000E-004	2.60160000E-004	4.22110000E-004	6.29960000E-004	8.85160000E-004	1.18900000E-003	
3.25000000E+000	3.89400000E-005	7.27100000E-005	1.44700000E-004	2.60460000E-004	4.22360000E-004	6.30350000E-004	8.85660000E-004	1.18950000E-003	
3.30000000E+000	3.90090000E-005	7.27730000E-005	1.44800000E-004	2.60610000E-004	4.22600000E-004	6.30500000E-004	8.86260000E-004	1.19000000E-003	
3.35000000E+000	3.90690000E-005	7.28780000E-005	1.44900000E-004	2.60760000E-004	4.22750000E-004	6.30910000E-004	8.86500000E-004	1.19050000E-003	
3.40000000E+000	3.91300000E-005	7.29340000E-005	1.44950000E-004	2.60950000E-004	4.23100000E-004	6.31090000E-004	8.86950000E-004	1.19100000E-003	
3.45000000E+000	3.91840000E-005	7.30160000E-005	1.45100000E-004	2.61010000E-004	4.23250000E-004	6.31540000E-004	8.87390000E-004	1.19150000E-003	
3.50000000E+000	3.92550000E-005	7.31390000E-005	1.45200000E-004	2.61310000E-004	4.23510000E-004	6.31870000E-004	8.87690000E-004	1.19250000E-003	
3.55000000E+000	3.93090000E-005	7.31800000E-005	1.45300000E-004	2.61350000E-004	4.23700000E-004	6.32110000E-004	8.88200000E-004	1.19250000E-003	
3.60000000E+000	3.93540000E-005	7.32650000E-005	1.45450000E-004	2.61550000E-004	4.23850000E-004	6.32460000E-004	8.88620000E-004	1.19300000E-003	
3.65000000E+000	3.94190000E-005	7.33400000E-005	1.45550000E-004	2.61710000E-004	4.24250000E-004	6.32700000E-004	8.89000000E-004	1.19400000E-003	
3.70000000E+000	3.94790000E-005	7.34030000E-005	1.45600000E-004	2.61800000E-004	4.24460000E-004	6.33060000E-004	8.89360000E-004	1.19450000E-003	
3.75000000E+000	3.95400000E-005	7.34930000E-005	1.45800000E-004	2.62010000E-004	4.24610000E-004	6.33360000E-004	8.89810000E-004	1.19450000E-003	
3.80000000E+000	3.96000000E-005	7.35450000E-005	1.45850000E-004	2.62160000E-004	4.24800000E-004	6.33570000E-004	8.90160000E-004	1.19500000E-003	
3.85000000E+000	3.96540000E-005	7.36300000E-005	1.46000000E-004	2.62410000E-004	4.25060000E-004	6.33950000E-004	8.90610000E-004	1.19600000E-003	
3.90000000E+000	3.97100000E-005	7.36940000E-005	1.46100000E-004	2.62450000E-004	4.25250000E-004	6.34310000E-004	8.91060000E-004	1.19600000E-003	
3.95000000E+000	3.97640000E-005	7.37610000E-005	1.46100000E-004	2.62560000E-004	4.25460000E-004	6.34490000E-004	8.91360000E-004	1.19650000E-003	
4.00000000E+000	3.98250000E-005	7.38540000E-005	1.46350000E-004	2.62800000E-004	4.25650000E-004	6.34970000E-004	8.91710000E-004	1.19750000E-003	
4.05000000E+000	3.98700000E-005	7.38950000E-005	1.46350000E-004	2.62900000E-004	4.25910000E-004	6.35060000E-004	8.92100000E-004	1.19800000E-003	
4.10000000E+000	3.99350000E-005	7.39810000E-005	1.46500000E-004	2.63010000E-004	4.26010000E-004	6.35560000E-004	8.92460000E-004	1.19800000E-003	
4.15000000E+000	3.99890000E-005	7.40400000E-005	1.46550000E-004	2.63150000E-004	4.26350000E-004	6.35650000E-004	8.92820000E-004	1.19900000E-003	
4.20000000E+000	4.00450000E-005	7.41150000E-005	1.46650000E-004	2.63350000E-004	4.26560000E-004	6.35890000E-004	8.93260000E-004	1.19900000E-003	
4.25000000E+000	4.00950000E-005	7.42190000E-005	1.46850000E-004	2.63560000E-004	4.26750000E-004	6.36310000E-004	8.93560000E-004	1.19950000E-003	
4.30000000E+000	4.01600000E-005	7.42380000E-005	1.46850000E-004	2.63600000E-004	4.26900000E-004	6.36460000E-004	8.94010000E-004	1.20000000E-003	
4.35000000E+000	4.02200000E-005	7.43530000E-005	1.47000000E-004	2.63800000E-004	4.27100000E-004	6.36850000E-004	8.94370000E-004	1.20050000E-003	
4.40000000E+000	4.02700000E-005	7.44120000E-005	1.47100000E-004	2.63900000E-004	4.27310000E-004	6.37050000E-004	8.94810000E-004	1.20100000E-003	
4.45000000E+000	4.03300000E-005	7.44760000E-005	1.47150000E-004	2.64000000E-004	4.27500000E-004	6.37350000E-004	8.95140000E-004	1.20150000E-003	
4.50000000E+000	4.03950000E-005	7.45950000E-005	1.47350000E-004	2.64300000E-004	4.27750000E-004	6.37800000E-004	8.95500000E-004	1.20200000E-003	
4.55000000E+000	4.04550000E-005	7.46320000E-005	1.47400000E-004	2.64410000E-004	4.28010000E-004	6.38010000E-004	8.96010000E-004	1.20250000E-003	
4.60000000E+000	4.05200000E-005	7.47330000E-005	1.47550000E-004	2.64550000E-004	4.28110000E-004	6.38220000E-004	8.96150000E-004	1.20300000E-003	
4.65000000E+000	4.05940000E-005	7.47890000E-005	1.47650000E-004	2.64750000E-004	4.28410000E-004	6.38510000E-004	8.96750000E-004	1.20350000E-003	
4.70000000E+000	4.06540000E-005	7.48750000E-005	1.47700000E-004	2.64850000E-004	4.28560000E-004	6.38690000E-004	8.97020000E-004	1.20400000E-003	
4.75000000E+000	4.07300000E-005	7.49750000E-005	1.47900000E-004	2.65110000E-004	4.28810000E-004	6.39200000E-004	8.97350000E-004	1.20450000E-003	
4.80000000E+000	4.08090000E-005	7.50530000E-005	1.47950000E-004	2.65110000E-004	4.29050000E-004	6.39320000E-004	8.97620000E-004	1.20500000E-003	
4.85000000E+000	4.08850000E-005	7.51500000E-005	1.48100000E-004	2.65260000E-004	4.29200000E-004	6.39620000E-004	8.98000000E-004	1.20550000E-003	
4.90000000E+000	4.09650000E-005	7.52210000E-005	1.48150000E-004	2.65410000E-004	4.29450000E-004	6.39860000E-004	8.98450000E-004	1.20600000E-003	
4.95000000E+000	4.10540000E-005	7.53250000E-005	1.48250000E-004	2.65550000E-004	4.29700000E-004	6.40210000E-004	8.98750000E-004	1.20650000E-003	
5.00000000E+000	4.11590000E-005	7.54630000E-005	1.48500000E-004	2.65850000E-004	4.29900000E-004	6.40600000E-004	8.99200000E-004	1.20700000E-003	

TEST RESULTS:  MOSFET  12/04/2023  23:37:15


